name: fd
channels:
  - pytorch
  - conda-forge
  - defaults
dependencies:
  - libprotobuf=3.5.2=0
  - protobuf=3.5.2=py36_0
  - tensorboardx=1.2=py_0
  - absl-py=0.2.0=py36_0
  - astor=0.6.2=py36_0
  - bleach=1.5.0=py36_0
  - ca-certificates=2018.03.07=0
  - certifi=2018.4.16=py36_0
  - cffi=1.11.5=py36h9745a5d_0
  - cudatoolkit=9.0=h13b8566_0
  - cudnn=7.1.2=cuda9.0_0
  - cupti=9.0.176=0
  - cycler=0.10.0=py36h93f1223_0
  - dbus=1.13.2=h714fa37_1
  - expat=2.2.5=he0dffb1_0
  - fontconfig=2.12.6=h49f89f6_0
  - freetype=2.8=hab7d2ae_1
  - gast=0.2.0=py36_0
  - glib=2.56.1=h000015b_0
  - grpcio=1.11.0=py36hf484d3e_0
  - gst-plugins-base=1.14.0=hbbd80ab_1
  - gstreamer=1.14.0=hb453b48_1
  - h5py=2.8.0=py36ha1f6525_0
  - hdf5=1.10.2=hba1933b_1
  - html5lib=0.9999999=py36_0
  - icu=58.2=h9c2bf20_1
  - intel-openmp=2018.0.0=8
  - jpeg=9b=h024ee3a_2
  - kiwisolver=1.0.1=py36h764f252_0
  - libedit=3.1.20170329=h6b74fdf_2
  - libffi=3.2.1=hd88cf55_4
  - libgcc-ng=7.2.0=hdf63c60_3
  - libgfortran-ng=7.2.0=hdf63c60_3
  - libpng=1.6.34=hb9fc6fc_0
  - libstdcxx-ng=7.2.0=hdf63c60_3
  - libtiff=4.0.9=he85c1e1_1
  - libxcb=1.13=h1bed415_1
  - libxml2=2.9.8=hf84eae3_0
  - markdown=2.6.11=py36_0
  - matplotlib=2.2.2=py36h0e671d2_1
  - mkl=2018.0.2=1
  - mkl_fft=1.0.1=py36h3010b51_0
  - mkl_random=1.0.1=py36h629b387_0
  - ncurses=6.1=hf484d3e_0
  - ninja=1.8.2=py36h6bb024c_1
  - numpy=1.14.2=py36hdbf6ddf_1
  - olefile=0.45.1=py36_0
  - openssl=1.0.2o=h20670df_0
  - pcre=8.42=h439df22_0
  - pillow=5.1.0=py36h3deb7b8_0
  - pip=10.0.1=py36_0
  - pycparser=2.18=py36hf9f622e_1
  - pyparsing=2.2.0=py36hee85983_1
  - pyqt=5.9.2=py36h751905a_0
  - python=3.6.5=hc3d631a_2
  - python-dateutil=2.7.3=py36_0
  - pytz=2018.4=py36_0
  - qt=5.9.5=h7e424d6_0
  - readline=7.0=ha6073c6_4
  - scikit-learn=0.19.1=py36h7aa7ec6_0
  - scipy=1.1.0=py36hfc37229_0
  - setuptools=39.1.0=py36_0
  - sip=4.19.8=py36hf484d3e_0
  - six=1.11.0=py36h372c433_1
  - sqlite=3.23.1=he433501_0
  - tensorboard=1.7.0=py36hf484d3e_1
  - tensorflow-gpu=1.7.0=0
  - tensorflow-gpu-base=1.7.0=py36hcdda91b_1
  - termcolor=1.1.0=py36_1
  - tk=8.6.7=hc745277_3
  - tornado=5.0.2=py36_0
  - tqdm=4.23.0=py36_0
  - werkzeug=0.14.1=py36_0
  - wheel=0.31.1=py36_0
  - xz=5.2.3=h5e939de_4
  - zlib=1.2.11=ha838bed_2
  - cuda91=1.0=h4c16780_0
  - pytorch=0.4.0=py36_cuda9.1.85_cudnn7.1.2_1
  - torchvision=0.2.1=py36_1
  - pip:
    - tensorflow==1.7.0
    - torch==0.4.0
prefix: /home/chute/anaconda3/envs/fd

